-2 1 1 1 1 1 -102.4
-2 1 1 1 2 1 -104.5
-2 1 1 1 3 1 -102.4
-2 1 1 1 4 2 -100.3
-2 1 1 3 1 1 -100.3
-2 1 1 3 2 1 -102.4
-2 1 1 3 3 1 -100.3
-2 1 1 3 4 2 -98.2
-2 1 2 1 1 1 -102.4
-2 1 2 1 2 1 -104.5
-2 1 2 1 3 1 -102.4
-2 1 2 1 4 2 -100.3
-2 1 2 3 1 1 -100.3
-2 1 2 3 2 1 -102.4
-2 1 2 3 3 1 -100.3
-2 1 2 3 4 2 -98.2
-2 1 3 1 1 1 -102.4
-2 1 3 1 2 1 -104.5
-2 1 3 1 3 1 -102.4
-2 1 3 1 4 2 -100.3
-2 1 3 3 1 1 -100.3
-2 1 3 3 2 1 -102.4
-2 1 3 3 3 1 -100.3
-2 1 3 3 4 2 -98.2
-2 1 4 1 1 1 -102.4
-2 1 4 1 2 1 -104.5
-2 1 4 1 3 1 -102.4
-2 1 4 1 4 2 -100.3
-2 1 4 3 1 1 -100.3
-2 1 4 3 2 1 -102.4
-2 1 4 3 3 1 -100.3
-2 1 4 3 4 2 -98.2
-2 1 5 1 1 1 -102.4
-2 1 5 1 2 1 -104.5
-2 1 5 1 3 1 -102.4
-2 1 5 1 4 2 -100.3
-2 1 5 3 1 1 -100.3
-2 1 5 3 2 1 -102.4
-2 1 5 3 3 1 -100.3
-2 1 5 3 4 2 -98.2
-2 1 6 1 1 1 -102.4
-2 1 6 1 2 1 -104.5
-2 1 6 1 3 1 -102.4
-2 1 6 1 4 2 -100.3
-2 1 6 3 1 1 -100.3
-2 1 6 3 2 1 -102.4
-2 1 6 3 3 1 -100.3
-2 1 6 3 4 2 -98.2
-2 1 7 1 1 1 -102.4
-2 1 7 1 2 1 -104.5
-2 1 7 1 3 1 -102.4
-2 1 7 1 4 2 -100.3
-2 1 7 3 1 1 -100.3
-2 1 7 3 2 1 -102.4
-2 1 7 3 3 1 -100.3
-2 1 7 3 4 2 -98.2
-2 1 8 1 1 1 -102.4
-2 1 8 1 2 1 -104.5
-2 1 8 1 3 1 -102.4
-2 1 8 1 4 2 -100.3
-2 1 8 3 1 1 -100.3
-2 1 8 3 2 1 -102.4
-2 1 8 3 3 1 -100.3
-2 1 8 3 4 2 -98.2
-2 1 9 1 1 1 -102.4
-2 1 9 1 2 1 -104.5
-2 1 9 1 3 1 -102.4
-2 1 9 1 4 2 -100.3
-2 1 9 3 1 1 -100.3
-2 1 9 3 2 1 -102.4
-2 1 9 3 3 1 -100.3
-2 1 9 3 4 2 -98.2
-2 1 10 1 1 1 -102.4
-2 1 10 1 2 1 -104.5
-2 1 10 1 3 1 -102.4
-2 1 10 1 4 2 -100.3
-2 1 10 3 1 1 -100.3
-2 1 10 3 2 1 -102.4
-2 1 10 3 3 1 -100.3
-2 1 10 3 4 2 -98.2
-2 1 11 1 1 1 -102.4
-2 1 11 1 2 1 -104.5
-2 1 11 1 3 1 -102.4
-2 1 11 1 4 2 -100.3
-2 1 11 3 1 1 -100.3
-2 1 11 3 2 1 -102.4
-2 1 11 3 3 1 -100.3
-2 1 11 3 4 2 -98.2
-2 1 12 1 1 1 -102.4
-2 1 12 1 2 1 -104.5
-2 1 12 1 3 1 -102.4
-2 1 12 1 4 2 -100.3
-2 1 12 3 1 1 -100.3
-2 1 12 3 2 1 -102.4
-2 1 12 3 3 1 -100.3
-2 1 12 3 4 2 -98.2
-2 2 1 1 1 1 -119.45
-2 2 1 1 2 1 -121.55
-2 2 1 1 3 1 -119.45
-2 2 1 1 4 2 -117.35
-2 2 1 3 1 1 -123.65
-2 2 1 3 2 1 -125.75
-2 2 1 3 3 1 -123.65
-2 2 1 3 4 2 -121.55
-2 2 2 1 1 1 -119.45
-2 2 2 1 2 1 -121.55
-2 2 2 1 3 1 -119.45
-2 2 2 1 4 2 -117.35
-2 2 2 3 1 1 -123.65
-2 2 2 3 2 1 -125.75
-2 2 2 3 3 1 -123.65
-2 2 2 3 4 2 -121.55
-2 2 3 1 1 1 -119.45
-2 2 3 1 2 1 -121.55
-2 2 3 1 3 1 -119.45
-2 2 3 1 4 2 -117.35
-2 2 3 3 1 1 -123.65
-2 2 3 3 2 1 -125.75
-2 2 3 3 3 1 -123.65
-2 2 3 3 4 2 -121.55
-2 2 4 1 1 1 -119.45
-2 2 4 1 2 1 -121.55
-2 2 4 1 3 1 -119.45
-2 2 4 1 4 2 -117.35
-2 2 4 3 1 1 -123.65
-2 2 4 3 2 1 -125.75
-2 2 4 3 3 1 -123.65
-2 2 4 3 4 2 -121.55
-2 2 5 1 1 1 -119.45
-2 2 5 1 2 1 -121.55
-2 2 5 1 3 1 -119.45
-2 2 5 1 4 2 -117.35
-2 2 5 3 1 1 -123.65
-2 2 5 3 2 1 -125.75
-2 2 5 3 3 1 -123.65
-2 2 5 3 4 2 -121.55
-2 2 6 1 1 1 -119.45
-2 2 6 1 2 1 -121.55
-2 2 6 1 3 1 -119.45
-2 2 6 1 4 2 -117.35
-2 2 6 3 1 1 -123.65
-2 2 6 3 2 1 -125.75
-2 2 6 3 3 1 -123.65
-2 2 6 3 4 2 -121.55
-2 2 7 1 1 1 -119.45
-2 2 7 1 2 1 -121.55
-2 2 7 1 3 1 -119.45
-2 2 7 1 4 2 -117.35
-2 2 7 3 1 1 -123.65
-2 2 7 3 2 1 -125.75
-2 2 7 3 3 1 -123.65
-2 2 7 3 4 2 -121.55
-2 2 8 1 1 1 -119.45
-2 2 8 1 2 1 -121.55
-2 2 8 1 3 1 -119.45
-2 2 8 1 4 2 -117.35
-2 2 8 3 1 1 -123.65
-2 2 8 3 2 1 -125.75
-2 2 8 3 3 1 -123.65
-2 2 8 3 4 2 -121.55
-2 2 9 1 1 1 -119.45
-2 2 9 1 2 1 -121.55
-2 2 9 1 3 1 -119.45
-2 2 9 1 4 2 -117.35
-2 2 9 3 1 1 -123.65
-2 2 9 3 2 1 -125.75
-2 2 9 3 3 1 -123.65
-2 2 9 3 4 2 -121.55
-2 2 10 1 1 1 -119.45
-2 2 10 1 2 1 -121.55
-2 2 10 1 3 1 -119.45
-2 2 10 1 4 2 -117.35
-2 2 10 3 1 1 -123.65
-2 2 10 3 2 1 -125.75
-2 2 10 3 3 1 -123.65
-2 2 10 3 4 2 -121.55
-2 2 11 1 1 1 -119.45
-2 2 11 1 2 1 -121.55
-2 2 11 1 3 1 -119.45
-2 2 11 1 4 2 -117.35
-2 2 11 3 1 1 -123.65
-2 2 11 3 2 1 -125.75
-2 2 11 3 3 1 -123.65
-2 2 11 3 4 2 -121.55
-2 2 12 1 1 1 -119.45
-2 2 12 1 2 1 -121.55
-2 2 12 1 3 1 -119.45
-2 2 12 1 4 2 -117.35
-2 2 12 3 1 1 -123.65
-2 2 12 3 2 1 -125.75
-2 2 12 3 3 1 -123.65
-2 2 12 3 4 2 -121.55
-2 3 1 1 1 1 -149.55
-2 3 1 1 2 1 -151.65
-2 3 1 1 3 1 -149.55
-2 3 1 1 4 2 -147.45
-2 3 1 3 1 1 -149.55
-2 3 1 3 2 1 -151.65
-2 3 1 3 3 1 -149.55
-2 3 1 3 4 2 -147.45
-2 3 2 1 1 1 -149.55
-2 3 2 1 2 1 -151.65
-2 3 2 1 3 1 -149.55
-2 3 2 1 4 2 -147.45
-2 3 2 3 1 1 -149.55
-2 3 2 3 2 1 -151.65
-2 3 2 3 3 1 -149.55
-2 3 2 3 4 2 -147.45
-2 3 3 1 1 1 -149.55
-2 3 3 1 2 1 -151.65
-2 3 3 1 3 1 -149.55
-2 3 3 1 4 2 -147.45
-2 3 3 3 1 1 -149.55
-2 3 3 3 2 1 -151.65
-2 3 3 3 3 1 -149.55
-2 3 3 3 4 2 -147.45
-2 3 4 1 1 1 -149.55
-2 3 4 1 2 1 -151.65
-2 3 4 1 3 1 -149.55
-2 3 4 1 4 2 -147.45
-2 3 4 3 1 1 -149.55
-2 3 4 3 2 1 -151.65
-2 3 4 3 3 1 -149.55
-2 3 4 3 4 2 -147.45
-2 3 5 1 1 1 -149.55
-2 3 5 1 2 1 -151.65
-2 3 5 1 3 1 -149.55
-2 3 5 1 4 2 -147.45
-2 3 5 3 1 1 -149.55
-2 3 5 3 2 1 -151.65
-2 3 5 3 3 1 -149.55
-2 3 5 3 4 2 -147.45
-2 3 6 1 1 1 -149.55
-2 3 6 1 2 1 -151.65
-2 3 6 1 3 1 -149.55
-2 3 6 1 4 2 -147.45
-2 3 6 3 1 1 -149.55
-2 3 6 3 2 1 -151.65
-2 3 6 3 3 1 -149.55
-2 3 6 3 4 2 -147.45
-2 3 7 1 1 1 -149.55
-2 3 7 1 2 1 -151.65
-2 3 7 1 3 1 -149.55
-2 3 7 1 4 2 -147.45
-2 3 7 3 1 1 -149.55
-2 3 7 3 2 1 -151.65
-2 3 7 3 3 1 -149.55
-2 3 7 3 4 2 -147.45
-2 3 8 1 1 1 -149.55
-2 3 8 1 2 1 -151.65
-2 3 8 1 3 1 -149.55
-2 3 8 1 4 2 -147.45
-2 3 8 3 1 1 -149.55
-2 3 8 3 2 1 -151.65
-2 3 8 3 3 1 -149.55
-2 3 8 3 4 2 -147.45
-2 3 9 1 1 1 -149.55
-2 3 9 1 2 1 -151.65
-2 3 9 1 3 1 -149.55
-2 3 9 1 4 2 -147.45
-2 3 9 3 1 1 -149.55
-2 3 9 3 2 1 -151.65
-2 3 9 3 3 1 -149.55
-2 3 9 3 4 2 -147.45
-2 3 10 1 1 1 -149.55
-2 3 10 1 2 1 -151.65
-2 3 10 1 3 1 -149.55
-2 3 10 1 4 2 -147.45
-2 3 10 3 1 1 -149.55
-2 3 10 3 2 1 -151.65
-2 3 10 3 3 1 -149.55
-2 3 10 3 4 2 -147.45
-2 3 11 1 1 1 -149.55
-2 3 11 1 2 1 -151.65
-2 3 11 1 3 1 -149.55
-2 3 11 1 4 2 -147.45
-2 3 11 3 1 1 -149.55
-2 3 11 3 2 1 -151.65
-2 3 11 3 3 1 -149.55
-2 3 11 3 4 2 -147.45
-2 3 12 1 1 1 -149.55
-2 3 12 1 2 1 -151.65
-2 3 12 1 3 1 -149.55
-2 3 12 1 4 2 -147.45
-2 3 12 3 1 1 -149.55
-2 3 12 3 2 1 -151.65
-2 3 12 3 3 1 -149.55
-2 3 12 3 4 2 -147.45
-2 4 1 1 1 1 -194.25
-2 4 1 1 2 1 -196.35
-2 4 1 1 3 1 -194.25
-2 4 1 1 4 2 -192.15
-2 4 1 3 1 1 -202.65
-2 4 1 3 2 1 -204.75
-2 4 1 3 3 1 -202.65
-2 4 1 3 4 2 -200.55
-2 4 2 1 1 1 -194.25
-2 4 2 1 2 1 -196.35
-2 4 2 1 3 1 -194.25
-2 4 2 1 4 2 -192.15
-2 4 2 3 1 1 -202.65
-2 4 2 3 2 1 -204.75
-2 4 2 3 3 1 -202.65
-2 4 2 3 4 2 -200.55
-2 4 3 1 1 1 -194.25
-2 4 3 1 2 1 -196.35
-2 4 3 1 3 1 -194.25
-2 4 3 1 4 2 -192.15
-2 4 3 3 1 1 -202.65
-2 4 3 3 2 1 -204.75
-2 4 3 3 3 1 -202.65
-2 4 3 3 4 2 -200.55
-2 4 4 1 1 1 -148.05
-2 4 4 1 2 1 -150.15
-2 4 4 1 3 1 -148.05
-2 4 4 1 4 2 -145.95
-2 4 4 3 1 1 -148.05
-2 4 4 3 2 1 -150.15
-2 4 4 3 3 1 -148.05
-2 4 4 3 4 2 -145.95
-2 4 13 1 1 1 -148.05
-2 4 13 1 2 1 -150.15
-2 4 13 1 3 1 -148.05
-2 4 13 1 4 2 -145.95
-2 4 13 3 1 1 -148.05
-2 4 13 3 2 1 -150.15
-2 4 13 3 3 1 -148.05
-2 4 13 3 4 2 -145.95
-2 4 5 1 1 1 -202.65
-2 4 5 1 2 1 -204.75
-2 4 5 1 3 1 -202.65
-2 4 5 1 4 2 -200.55
-2 4 5 3 1 1 -194.25
-2 4 5 3 2 1 -196.35
-2 4 5 3 3 1 -194.25
-2 4 5 3 4 2 -192.15
-2 4 6 1 1 1 -202.65
-2 4 6 1 2 1 -204.75
-2 4 6 1 3 1 -202.65
-2 4 6 1 4 2 -200.55
-2 4 6 3 1 1 -194.25
-2 4 6 3 2 1 -196.35
-2 4 6 3 3 1 -194.25
-2 4 6 3 4 2 -192.15
-2 4 7 1 1 1 -202.65
-2 4 7 1 2 1 -204.75
-2 4 7 1 3 1 -202.65
-2 4 7 1 4 2 -200.55
-2 4 7 3 1 1 -194.25
-2 4 7 3 2 1 -196.35
-2 4 7 3 3 1 -194.25
-2 4 7 3 4 2 -192.15
-2 4 8 1 1 1 -194.25
-2 4 8 1 2 1 -196.35
-2 4 8 1 3 1 -194.25
-2 4 8 1 4 2 -192.15
-2 4 8 3 1 1 -185.85
-2 4 8 3 2 1 -187.95
-2 4 8 3 3 1 -185.85
-2 4 8 3 4 2 -183.75
-2 4 9 1 1 1 -97.65
-2 4 9 1 2 1 -99.75
-2 4 9 1 3 1 -97.65
-2 4 9 1 4 2 -95.55
-2 4 9 3 1 1 -97.65
-2 4 9 3 2 1 -99.75
-2 4 9 3 3 1 -97.65
-2 4 9 3 4 2 -95.5501
-2 4 10 1 1 1 -120.75
-2 4 10 1 2 1 -122.85
-2 4 10 1 3 1 -120.75
-2 4 10 1 4 2 -118.65
-2 4 10 3 1 1 -124.95
-2 4 10 3 2 1 -127.05
-2 4 10 3 3 1 -124.95
-2 4 10 3 4 2 -122.85
-2 4 14 1 1 1 -124.95
-2 4 14 1 2 1 -127.05
-2 4 14 1 3 1 -124.95
-2 4 14 1 4 2 -122.85
-2 4 14 3 1 1 -120.75
-2 4 14 3 2 1 -122.85
-2 4 14 3 3 1 -120.75
-2 4 14 3 4 2 -118.65
-2 4 11 1 1 1 -97.65
-2 4 11 1 2 1 -99.75
-2 4 11 1 3 1 -97.65
-2 4 11 1 4 2 -95.55
-2 4 11 3 1 1 -97.65
-2 4 11 3 2 1 -99.75
-2 4 11 3 3 1 -97.65
-2 4 11 3 4 2 -95.55
-2 4 12 1 1 1 -185.85
-2 4 12 1 2 1 -187.95
-2 4 12 1 3 1 -185.85
-2 4 12 1 4 2 -183.75
-2 4 12 3 1 1 -194.25
-2 4 12 3 2 1 -196.35
-2 4 12 3 3 1 -194.25
-2 4 12 3 4 2 -192.15
-1 1 1 1 1 1 -102.4
-1 1 1 1 2 1 -104.5
-1 1 1 1 3 1 -102.4
-1 1 1 1 4 2 -100.3
-1 1 1 3 1 1 -100.3
-1 1 1 3 2 1 -102.4
-1 1 1 3 3 1 -100.3
-1 1 1 3 4 2 -98.2
-1 1 2 1 1 1 -102.4
-1 1 2 1 2 1 -104.5
-1 1 2 1 3 1 -102.4
-1 1 2 1 4 2 -100.3
-1 1 2 3 1 1 -100.3
-1 1 2 3 2 1 -102.4
-1 1 2 3 3 1 -100.3
-1 1 2 3 4 2 -98.2
-1 1 3 1 1 1 -102.4
-1 1 3 1 2 1 -104.5
-1 1 3 1 3 1 -102.4
-1 1 3 1 4 2 -100.3
-1 1 3 3 1 1 -100.3
-1 1 3 3 2 1 -102.4
-1 1 3 3 3 1 -100.3
-1 1 3 3 4 2 -98.2
-1 1 4 1 1 1 -102.4
-1 1 4 1 2 1 -104.5
-1 1 4 1 3 1 -102.4
-1 1 4 1 4 2 -100.3
-1 1 4 3 1 1 -100.3
-1 1 4 3 2 1 -102.4
-1 1 4 3 3 1 -100.3
-1 1 4 3 4 2 -98.2
-1 1 5 1 1 1 -102.4
-1 1 5 1 2 1 -104.5
-1 1 5 1 3 1 -102.4
-1 1 5 1 4 2 -100.3
-1 1 5 3 1 1 -100.3
-1 1 5 3 2 1 -102.4
-1 1 5 3 3 1 -100.3
-1 1 5 3 4 2 -98.2
-1 1 6 1 1 1 -102.4
-1 1 6 1 2 1 -104.5
-1 1 6 1 3 1 -102.4
-1 1 6 1 4 2 -100.3
-1 1 6 3 1 1 -100.3
-1 1 6 3 2 1 -102.4
-1 1 6 3 3 1 -100.3
-1 1 6 3 4 2 -98.2
-1 1 7 1 1 1 -102.4
-1 1 7 1 2 1 -104.5
-1 1 7 1 3 1 -102.4
-1 1 7 1 4 2 -100.3
-1 1 7 3 1 1 -100.3
-1 1 7 3 2 1 -102.4
-1 1 7 3 3 1 -100.3
-1 1 7 3 4 2 -98.2
-1 1 8 1 1 1 -102.4
-1 1 8 1 2 1 -104.5
-1 1 8 1 3 1 -102.4
-1 1 8 1 4 2 -100.3
-1 1 8 3 1 1 -100.3
-1 1 8 3 2 1 -102.4
-1 1 8 3 3 1 -100.3
-1 1 8 3 4 2 -98.2
-1 1 9 1 1 1 -102.4
-1 1 9 1 2 1 -104.5
-1 1 9 1 3 1 -102.4
-1 1 9 1 4 2 -100.3
-1 1 9 3 1 1 -100.3
-1 1 9 3 2 1 -102.4
-1 1 9 3 3 1 -100.3
-1 1 9 3 4 2 -98.2
-1 1 10 1 1 1 -102.4
-1 1 10 1 2 1 -104.5
-1 1 10 1 3 1 -102.4
-1 1 10 1 4 2 -100.3
-1 1 10 3 1 1 -100.3
-1 1 10 3 2 1 -102.4
-1 1 10 3 3 1 -100.3
-1 1 10 3 4 2 -98.2
-1 1 11 1 1 1 -102.4
-1 1 11 1 2 1 -104.5
-1 1 11 1 3 1 -102.4
-1 1 11 1 4 2 -100.3
-1 1 11 3 1 1 -100.3
-1 1 11 3 2 1 -102.4
-1 1 11 3 3 1 -100.3
-1 1 11 3 4 2 -98.2
-1 1 12 1 1 1 -102.4
-1 1 12 1 2 1 -104.5
-1 1 12 1 3 1 -102.4
-1 1 12 1 4 2 -100.3
-1 1 12 3 1 1 -100.3
-1 1 12 3 2 1 -102.4
-1 1 12 3 3 1 -100.3
-1 1 12 3 4 2 -98.2
-1 2 1 1 1 1 -119.45
-1 2 1 1 2 1 -121.55
-1 2 1 1 3 1 -119.45
-1 2 1 1 4 2 -117.35
-1 2 1 3 1 1 -123.65
-1 2 1 3 2 1 -125.75
-1 2 1 3 3 1 -123.65
-1 2 1 3 4 2 -121.55
-1 2 2 1 1 1 -119.45
-1 2 2 1 2 1 -121.55
-1 2 2 1 3 1 -119.45
-1 2 2 1 4 2 -117.35
-1 2 2 3 1 1 -123.65
-1 2 2 3 2 1 -125.75
-1 2 2 3 3 1 -123.65
-1 2 2 3 4 2 -121.55
-1 2 3 1 1 1 -119.45
-1 2 3 1 2 1 -121.55
-1 2 3 1 3 1 -119.45
-1 2 3 1 4 2 -117.35
-1 2 3 3 1 1 -123.65
-1 2 3 3 2 1 -125.75
-1 2 3 3 3 1 -123.65
-1 2 3 3 4 2 -121.55
-1 2 4 1 1 1 -119.45
-1 2 4 1 2 1 -121.55
-1 2 4 1 3 1 -119.45
-1 2 4 1 4 2 -117.35
-1 2 4 3 1 1 -123.65
-1 2 4 3 2 1 -125.75
-1 2 4 3 3 1 -123.65
-1 2 4 3 4 2 -121.55
-1 2 5 1 1 1 -119.45
-1 2 5 1 2 1 -121.55
-1 2 5 1 3 1 -119.45
-1 2 5 1 4 2 -117.35
-1 2 5 3 1 1 -123.65
-1 2 5 3 2 1 -125.75
-1 2 5 3 3 1 -123.65
-1 2 5 3 4 2 -121.55
-1 2 6 1 1 1 -119.45
-1 2 6 1 2 1 -121.55
-1 2 6 1 3 1 -119.45
-1 2 6 1 4 2 -117.35
-1 2 6 3 1 1 -123.65
-1 2 6 3 2 1 -125.75
-1 2 6 3 3 1 -123.65
-1 2 6 3 4 2 -121.55
-1 2 7 1 1 1 -119.45
-1 2 7 1 2 1 -121.55
-1 2 7 1 3 1 -119.45
-1 2 7 1 4 2 -117.35
-1 2 7 3 1 1 -123.65
-1 2 7 3 2 1 -125.75
-1 2 7 3 3 1 -123.65
-1 2 7 3 4 2 -121.55
-1 2 8 1 1 1 -119.45
-1 2 8 1 2 1 -121.55
-1 2 8 1 3 1 -119.45
-1 2 8 1 4 2 -117.35
-1 2 8 3 1 1 -123.65
-1 2 8 3 2 1 -125.75
-1 2 8 3 3 1 -123.65
-1 2 8 3 4 2 -121.55
-1 2 9 1 1 1 -119.45
-1 2 9 1 2 1 -121.55
-1 2 9 1 3 1 -119.45
-1 2 9 1 4 2 -117.35
-1 2 9 3 1 1 -123.65
-1 2 9 3 2 1 -125.75
-1 2 9 3 3 1 -123.65
-1 2 9 3 4 2 -121.55
-1 2 10 1 1 1 -119.45
-1 2 10 1 2 1 -121.55
-1 2 10 1 3 1 -119.45
-1 2 10 1 4 2 -117.35
-1 2 10 3 1 1 -123.65
-1 2 10 3 2 1 -125.75
-1 2 10 3 3 1 -123.65
-1 2 10 3 4 2 -121.55
-1 2 11 1 1 1 -119.45
-1 2 11 1 2 1 -121.55
-1 2 11 1 3 1 -119.45
-1 2 11 1 4 2 -117.35
-1 2 11 3 1 1 -123.65
-1 2 11 3 2 1 -125.75
-1 2 11 3 3 1 -123.65
-1 2 11 3 4 2 -121.55
-1 2 12 1 1 1 -119.45
-1 2 12 1 2 1 -121.55
-1 2 12 1 3 1 -119.45
-1 2 12 1 4 2 -117.35
-1 2 12 3 1 1 -123.65
-1 2 12 3 2 1 -125.75
-1 2 12 3 3 1 -123.65
-1 2 12 3 4 2 -121.55
-1 3 1 1 1 1 -149.55
-1 3 1 1 2 1 -151.65
-1 3 1 1 3 1 -149.55
-1 3 1 1 4 2 -147.45
-1 3 1 3 1 1 -149.55
-1 3 1 3 2 1 -151.65
-1 3 1 3 3 1 -149.55
-1 3 1 3 4 2 -147.45
-1 3 2 1 1 1 -149.55
-1 3 2 1 2 1 -151.65
-1 3 2 1 3 1 -149.55
-1 3 2 1 4 2 -147.45
-1 3 2 3 1 1 -149.55
-1 3 2 3 2 1 -151.65
-1 3 2 3 3 1 -149.55
-1 3 2 3 4 2 -147.45
-1 3 3 1 1 1 -149.55
-1 3 3 1 2 1 -151.65
-1 3 3 1 3 1 -149.55
-1 3 3 1 4 2 -147.45
-1 3 3 3 1 1 -149.55
-1 3 3 3 2 1 -151.65
-1 3 3 3 3 1 -149.55
-1 3 3 3 4 2 -147.45
-1 3 4 1 1 1 -149.55
-1 3 4 1 2 1 -151.65
-1 3 4 1 3 1 -149.55
-1 3 4 1 4 2 -147.45
-1 3 4 3 1 1 -149.55
-1 3 4 3 2 1 -151.65
-1 3 4 3 3 1 -149.55
-1 3 4 3 4 2 -147.45
-1 3 5 1 1 1 -149.55
-1 3 5 1 2 1 -151.65
-1 3 5 1 3 1 -149.55
-1 3 5 1 4 2 -147.45
-1 3 5 3 1 1 -149.55
-1 3 5 3 2 1 -151.65
-1 3 5 3 3 1 -149.55
-1 3 5 3 4 2 -147.45
-1 3 6 1 1 1 -149.55
-1 3 6 1 2 1 -151.65
-1 3 6 1 3 1 -149.55
-1 3 6 1 4 2 -147.45
-1 3 6 3 1 1 -149.55
-1 3 6 3 2 1 -151.65
-1 3 6 3 3 1 -149.55
-1 3 6 3 4 2 -147.45
-1 3 7 1 1 1 -149.55
-1 3 7 1 2 1 -151.65
-1 3 7 1 3 1 -149.55
-1 3 7 1 4 2 -147.45
-1 3 7 3 1 1 -149.55
-1 3 7 3 2 1 -151.65
-1 3 7 3 3 1 -149.55
-1 3 7 3 4 2 -147.45
-1 3 8 1 1 1 -149.55
-1 3 8 1 2 1 -151.65
-1 3 8 1 3 1 -149.55
-1 3 8 1 4 2 -147.45
-1 3 8 3 1 1 -149.55
-1 3 8 3 2 1 -151.65
-1 3 8 3 3 1 -149.55
-1 3 8 3 4 2 -147.45
-1 3 9 1 1 1 -149.55
-1 3 9 1 2 1 -151.65
-1 3 9 1 3 1 -149.55
-1 3 9 1 4 2 -147.45
-1 3 9 3 1 1 -149.55
-1 3 9 3 2 1 -151.65
-1 3 9 3 3 1 -149.55
-1 3 9 3 4 2 -147.45
-1 3 10 1 1 1 -149.55
-1 3 10 1 2 1 -151.65
-1 3 10 1 3 1 -149.55
-1 3 10 1 4 2 -147.45
-1 3 10 3 1 1 -149.55
-1 3 10 3 2 1 -151.65
-1 3 10 3 3 1 -149.55
-1 3 10 3 4 2 -147.45
-1 3 11 1 1 1 -149.55
-1 3 11 1 2 1 -151.65
-1 3 11 1 3 1 -149.55
-1 3 11 1 4 2 -147.45
-1 3 11 3 1 1 -149.55
-1 3 11 3 2 1 -151.65
-1 3 11 3 3 1 -149.55
-1 3 11 3 4 2 -147.45
-1 3 12 1 1 1 -149.55
-1 3 12 1 2 1 -151.65
-1 3 12 1 3 1 -149.55
-1 3 12 1 4 2 -147.45
-1 3 12 3 1 1 -149.55
-1 3 12 3 2 1 -151.65
-1 3 12 3 3 1 -149.55
-1 3 12 3 4 2 -147.45
-1 4 1 1 1 1 -194.25
-1 4 1 1 2 1 -196.35
-1 4 1 1 3 1 -194.25
-1 4 1 1 4 2 -192.15
-1 4 1 3 1 1 -202.65
-1 4 1 3 2 1 -204.75
-1 4 1 3 3 1 -202.65
-1 4 1 3 4 2 -200.55
-1 4 2 1 1 1 -194.25
-1 4 2 1 2 1 -196.35
-1 4 2 1 3 1 -194.25
-1 4 2 1 4 2 -192.15
-1 4 2 3 1 1 -202.65
-1 4 2 3 2 1 -204.75
-1 4 2 3 3 1 -202.65
-1 4 2 3 4 2 -200.55
-1 4 3 1 1 1 -194.25
-1 4 3 1 2 1 -196.35
-1 4 3 1 3 1 -194.25
-1 4 3 1 4 2 -192.15
-1 4 3 3 1 1 -202.65
-1 4 3 3 2 1 -204.75
-1 4 3 3 3 1 -202.65
-1 4 3 3 4 2 -200.55
-1 4 4 1 1 1 -148.05
-1 4 4 1 2 1 -150.15
-1 4 4 1 3 1 -148.05
-1 4 4 1 4 2 -145.95
-1 4 4 3 1 1 -148.05
-1 4 4 3 2 1 -150.15
-1 4 4 3 3 1 -148.05
-1 4 4 3 4 2 -145.95
-1 4 13 1 1 1 -148.05
-1 4 13 1 2 1 -150.15
-1 4 13 1 3 1 -148.05
-1 4 13 1 4 2 -145.95
-1 4 13 3 1 1 -148.05
-1 4 13 3 2 1 -150.15
-1 4 13 3 3 1 -148.05
-1 4 13 3 4 2 -145.95
-1 4 5 1 1 1 -202.65
-1 4 5 1 2 1 -204.75
-1 4 5 1 3 1 -202.65
-1 4 5 1 4 2 -200.55
-1 4 5 3 1 1 -194.25
-1 4 5 3 2 1 -196.35
-1 4 5 3 3 1 -194.25
-1 4 5 3 4 2 -192.15
-1 4 6 1 1 1 -202.65
-1 4 6 1 2 1 -204.75
-1 4 6 1 3 1 -202.65
-1 4 6 1 4 2 -200.55
-1 4 6 3 1 1 -194.25
-1 4 6 3 2 1 -196.35
-1 4 6 3 3 1 -194.25
-1 4 6 3 4 2 -192.15
-1 4 7 1 1 1 -202.65
-1 4 7 1 2 1 -204.75
-1 4 7 1 3 1 -202.65
-1 4 7 1 4 2 -200.55
-1 4 7 3 1 1 -194.25
-1 4 7 3 2 1 -196.35
-1 4 7 3 3 1 -194.25
-1 4 7 3 4 2 -192.15
-1 4 8 1 1 1 -194.25
-1 4 8 1 2 1 -196.35
-1 4 8 1 3 1 -194.25
-1 4 8 1 4 2 -192.15
-1 4 8 3 1 1 -185.85
-1 4 8 3 2 1 -187.95
-1 4 8 3 3 1 -185.85
-1 4 8 3 4 2 -183.75
-1 4 9 1 1 1 -97.65
-1 4 9 1 2 1 -99.75
-1 4 9 1 3 1 -97.65
-1 4 9 1 4 2 -95.55
-1 4 9 3 1 1 -97.65
-1 4 9 3 2 1 -99.75
-1 4 9 3 3 1 -97.65
-1 4 9 3 4 2 -95.55
-1 4 10 1 1 1 -120.75
-1 4 10 1 2 1 -122.85
-1 4 10 1 3 1 -120.75
-1 4 10 1 4 2 -118.65
-1 4 10 3 1 1 -124.95
-1 4 10 3 2 1 -127.05
-1 4 10 3 3 1 -124.95
-1 4 10 3 4 2 -122.85
-1 4 14 1 1 1 -124.95
-1 4 14 1 2 1 -127.05
-1 4 14 1 3 1 -124.95
-1 4 14 1 4 2 -122.85
-1 4 14 3 1 1 -120.75
-1 4 14 3 2 1 -122.85
-1 4 14 3 3 1 -120.75
-1 4 14 3 4 2 -118.65
-1 4 11 1 1 1 -97.65
-1 4 11 1 2 1 -99.75
-1 4 11 1 3 1 -97.65
-1 4 11 1 4 2 -95.55
-1 4 11 3 1 1 -97.65
-1 4 11 3 2 1 -99.75
-1 4 11 3 3 1 -97.65
-1 4 11 3 4 2 -95.55
-1 4 12 1 1 1 -185.85
-1 4 12 1 2 1 -187.95
-1 4 12 1 3 1 -185.85
-1 4 12 1 4 2 -183.75
-1 4 12 3 1 1 -194.25
-1 4 12 3 2 1 -196.35
-1 4 12 3 3 1 -194.25
-1 4 12 3 4 2 -192.15
0 1 1 1 1 1 -102.4
0 1 1 1 2 1 -104.5
0 1 1 1 3 1 -102.4
0 1 1 1 4 2 -100.3
0 1 1 3 1 1 -100.3
0 1 1 3 2 1 -102.4
0 1 1 3 3 1 -100.3
0 1 1 3 4 2 -98.2
0 1 5 1 1 1 -102.4
0 1 5 1 2 1 -104.5
0 1 5 1 3 1 -102.4
0 1 5 1 4 2 -100.3
0 1 5 3 1 1 -100.3
0 1 5 3 2 1 -102.4
0 1 5 3 3 1 -100.3
0 1 5 3 4 2 -98.2
0 1 9 1 1 1 -102.4
0 1 9 1 2 1 -104.5
0 1 9 1 3 1 -102.4
0 1 9 1 4 2 -100.3
0 1 9 3 1 1 -100.3
0 1 9 3 2 1 -102.4
0 1 9 3 3 1 -100.3
0 1 9 3 4 2 -98.2
0 1 2 1 1 1 -99.2
0 1 2 1 2 1 -101.3
0 1 2 1 3 1 -99.2
0 1 2 1 4 2 -97.1
0 1 2 3 1 1 -101.3
0 1 2 3 2 1 -103.4
0 1 2 3 3 1 -101.3
0 1 2 3 4 2 -99.2
0 1 6 1 1 1 -99.2
0 1 6 1 2 1 -101.3
0 1 6 1 3 1 -99.2
0 1 6 1 4 2 -97.1
0 1 6 3 1 1 -101.3
0 1 6 3 2 1 -103.4
0 1 6 3 3 1 -101.3
0 1 6 3 4 2 -99.2
0 1 10 1 1 1 -99.2
0 1 10 1 2 1 -101.3
0 1 10 1 3 1 -99.2
0 1 10 1 4 2 -97.1
0 1 10 3 1 1 -101.3
0 1 10 3 2 1 -103.4
0 1 10 3 3 1 -101.3
0 1 10 3 4 2 -99.2
0 1 3 1 1 1 -99.2
0 1 3 1 2 1 -101.3
0 1 3 1 3 1 -99.2
0 1 3 1 4 2 -97.1
0 1 3 3 1 1 -101.3
0 1 3 3 2 1 -103.4
0 1 3 3 3 1 -101.3
0 1 3 3 4 2 -99.2
0 1 7 1 1 1 -99.2
0 1 7 1 2 1 -101.3
0 1 7 1 3 1 -99.2
0 1 7 1 4 2 -97.1
0 1 7 3 1 1 -101.3
0 1 7 3 2 1 -103.4
0 1 7 3 3 1 -101.3
0 1 7 3 4 2 -99.2
0 1 11 1 1 1 -99.2
0 1 11 1 2 1 -101.3
0 1 11 1 3 1 -99.2
0 1 11 1 4 2 -97.1
0 1 11 3 1 1 -101.3
0 1 11 3 2 1 -103.4
0 1 11 3 3 1 -101.3
0 1 11 3 4 2 -99.2
0 1 4 1 1 1 -102.4
0 1 4 1 2 1 -104.5
0 1 4 1 3 1 -102.4
0 1 4 1 4 2 -100.3
0 1 4 3 1 1 -100.3
0 1 4 3 2 1 -102.4
0 1 4 3 3 1 -100.3
0 1 4 3 4 2 -98.2
0 1 8 1 1 1 -102.4
0 1 8 1 2 1 -104.5
0 1 8 1 3 1 -102.4
0 1 8 1 4 2 -100.3
0 1 8 3 1 1 -100.3
0 1 8 3 2 1 -102.4
0 1 8 3 3 1 -100.3
0 1 8 3 4 2 -98.2
0 1 12 1 1 1 -102.4
0 1 12 1 2 1 -104.5
0 1 12 1 3 1 -102.4
0 1 12 1 4 2 -100.3
0 1 12 3 1 1 -100.3
0 1 12 3 2 1 -102.4
0 1 12 3 3 1 -100.3
0 1 12 3 4 2 -98.2
0 2 1 1 1 1 -119.45
0 2 1 1 2 1 -121.55
0 2 1 1 3 1 -119.45
0 2 1 1 4 2 -117.35
0 2 1 3 1 1 -123.65
0 2 1 3 2 1 -125.75
0 2 1 3 3 1 -123.65
0 2 1 3 4 2 -121.55
0 2 5 1 1 1 -119.45
0 2 5 1 2 1 -121.55
0 2 5 1 3 1 -119.45
0 2 5 1 4 2 -117.35
0 2 5 3 1 1 -123.65
0 2 5 3 2 1 -125.75
0 2 5 3 3 1 -123.65
0 2 5 3 4 2 -121.55
0 2 9 1 1 1 -119.45
0 2 9 1 2 1 -121.55
0 2 9 1 3 1 -119.45
0 2 9 1 4 2 -117.35
0 2 9 3 1 1 -123.65
0 2 9 3 2 1 -125.75
0 2 9 3 3 1 -123.65
0 2 9 3 4 2 -121.55
0 2 2 1 1 1 -126.25
0 2 2 1 2 1 -128.35
0 2 2 1 3 1 -126.25
0 2 2 1 4 2 -124.15
0 2 2 3 1 1 -122.05
0 2 2 3 2 1 -124.15
0 2 2 3 3 1 -122.05
0 2 2 3 4 2 -119.95
0 2 6 1 1 1 -126.25
0 2 6 1 2 1 -128.35
0 2 6 1 3 1 -126.25
0 2 6 1 4 2 -124.15
0 2 6 3 1 1 -122.05
0 2 6 3 2 1 -124.15
0 2 6 3 3 1 -122.05
0 2 6 3 4 2 -119.95
0 2 10 1 1 1 -126.25
0 2 10 1 2 1 -128.35
0 2 10 1 3 1 -126.25
0 2 10 1 4 2 -124.15
0 2 10 3 1 1 -122.05
0 2 10 3 2 1 -124.15
0 2 10 3 3 1 -122.05
0 2 10 3 4 2 -119.95
0 2 3 1 1 1 -126.25
0 2 3 1 2 1 -128.35
0 2 3 1 3 1 -126.25
0 2 3 1 4 2 -124.15
0 2 3 3 1 1 -122.05
0 2 3 3 2 1 -124.15
0 2 3 3 3 1 -122.05
0 2 3 3 4 2 -119.95
0 2 7 1 1 1 -126.25
0 2 7 1 2 1 -128.35
0 2 7 1 3 1 -126.25
0 2 7 1 4 2 -124.15
0 2 7 3 1 1 -122.05
0 2 7 3 2 1 -124.15
0 2 7 3 3 1 -122.05
0 2 7 3 4 2 -119.95
0 2 11 1 1 1 -126.25
0 2 11 1 2 1 -128.35
0 2 11 1 3 1 -126.25
0 2 11 1 4 2 -124.15
0 2 11 3 1 1 -122.05
0 2 11 3 2 1 -124.15
0 2 11 3 3 1 -122.05
0 2 11 3 4 2 -119.95
0 2 4 1 1 1 -119.45
0 2 4 1 2 1 -121.55
0 2 4 1 3 1 -119.45
0 2 4 1 4 2 -117.35
0 2 4 3 1 1 -123.65
0 2 4 3 2 1 -125.75
0 2 4 3 3 1 -123.65
0 2 4 3 4 2 -121.55
0 2 8 1 1 1 -119.45
0 2 8 1 2 1 -121.55
0 2 8 1 3 1 -119.45
0 2 8 1 4 2 -117.35
0 2 8 3 1 1 -123.65
0 2 8 3 2 1 -125.75
0 2 8 3 3 1 -123.65
0 2 8 3 4 2 -121.55
0 2 12 1 1 1 -119.45
0 2 12 1 2 1 -121.55
0 2 12 1 3 1 -119.45
0 2 12 1 4 2 -117.35
0 2 12 3 1 1 -123.65
0 2 12 3 2 1 -125.75
0 2 12 3 3 1 -123.65
0 2 12 3 4 2 -121.55
0 3 1 1 1 1 -149.55
0 3 1 1 2 1 -151.65
0 3 1 1 3 1 -149.55
0 3 1 1 4 2 -147.45
0 3 1 3 1 1 -149.55
0 3 1 3 2 1 -151.65
0 3 1 3 3 1 -149.55
0 3 1 3 4 2 -147.45
0 3 5 1 1 1 -149.55
0 3 5 1 2 1 -151.65
0 3 5 1 3 1 -149.55
0 3 5 1 4 2 -147.45
0 3 5 3 1 1 -149.55
0 3 5 3 2 1 -151.65
0 3 5 3 3 1 -149.55
0 3 5 3 4 2 -147.45
0 3 9 1 1 1 -149.55
0 3 9 1 2 1 -151.65
0 3 9 1 3 1 -149.55
0 3 9 1 4 2 -147.45
0 3 9 3 1 1 -149.55
0 3 9 3 2 1 -151.65
0 3 9 3 3 1 -149.55
0 3 9 3 4 2 -147.45
0 3 2 1 1 1 -146.55
0 3 2 1 2 1 -148.65
0 3 2 1 3 1 -146.55
0 3 2 1 4 2 -144.45
0 3 2 3 1 1 -146.55
0 3 2 3 2 1 -148.65
0 3 2 3 3 1 -146.55
0 3 2 3 4 2 -144.45
0 3 6 1 1 1 -146.55
0 3 6 1 2 1 -148.65
0 3 6 1 3 1 -146.55
0 3 6 1 4 2 -144.45
0 3 6 3 1 1 -146.55
0 3 6 3 2 1 -148.65
0 3 6 3 3 1 -146.55
0 3 6 3 4 2 -144.45
0 3 10 1 1 1 -146.55
0 3 10 1 2 1 -148.65
0 3 10 1 3 1 -146.55
0 3 10 1 4 2 -144.45
0 3 10 3 1 1 -146.55
0 3 10 3 2 1 -148.65
0 3 10 3 3 1 -146.55
0 3 10 3 4 2 -144.45
0 3 3 1 1 1 -146.55
0 3 3 1 2 1 -148.65
0 3 3 1 3 1 -146.55
0 3 3 1 4 2 -144.45
0 3 3 3 1 1 -146.55
0 3 3 3 2 1 -148.65
0 3 3 3 3 1 -146.55
0 3 3 3 4 2 -144.45
0 3 7 1 1 1 -146.55
0 3 7 1 2 1 -148.65
0 3 7 1 3 1 -146.55
0 3 7 1 4 2 -144.45
0 3 7 3 1 1 -146.55
0 3 7 3 2 1 -148.65
0 3 7 3 3 1 -146.55
0 3 7 3 4 2 -144.45
0 3 11 1 1 1 -146.55
0 3 11 1 2 1 -148.65
0 3 11 1 3 1 -146.55
0 3 11 1 4 2 -144.45
0 3 11 3 1 1 -146.55
0 3 11 3 2 1 -148.65
0 3 11 3 3 1 -146.55
0 3 11 3 4 2 -144.45
0 3 4 1 1 1 -149.55
0 3 4 1 2 1 -151.65
0 3 4 1 3 1 -149.55
0 3 4 1 4 2 -147.45
0 3 4 3 1 1 -149.55
0 3 4 3 2 1 -151.65
0 3 4 3 3 1 -149.55
0 3 4 3 4 2 -147.45
0 3 8 1 1 1 -149.55
0 3 8 1 2 1 -151.65
0 3 8 1 3 1 -149.55
0 3 8 1 4 2 -147.45
0 3 8 3 1 1 -149.55
0 3 8 3 2 1 -151.65
0 3 8 3 3 1 -149.55
0 3 8 3 4 2 -147.45
0 3 12 1 1 1 -149.55
0 3 12 1 2 1 -151.65
0 3 12 1 3 1 -149.55
0 3 12 1 4 2 -147.45
0 3 12 3 1 1 -149.55
0 3 12 3 2 1 -151.65
0 3 12 3 3 1 -149.55
0 3 12 3 4 2 -147.45
0 4 1 1 1 1 -194.25
0 4 1 1 2 1 -196.35
0 4 1 1 3 1 -194.25
0 4 1 1 4 2 -192.15
0 4 1 3 1 1 -202.65
0 4 1 3 2 1 -204.75
0 4 1 3 3 1 -202.65
0 4 1 3 4 2 -200.55
0 4 2 1 1 1 -202.65
0 4 2 1 2 1 -204.75
0 4 2 1 3 1 -202.65
0 4 2 1 4 2 -200.55
0 4 2 3 1 1 -194.25
0 4 2 3 2 1 -196.35
0 4 2 3 3 1 -194.25
0 4 2 3 4 2 -192.15
0 4 3 1 1 1 -202.65
0 4 3 1 2 1 -204.75
0 4 3 1 3 1 -202.65
0 4 3 1 4 2 -200.55
0 4 3 3 1 1 -194.25
0 4 3 3 2 1 -196.35
0 4 3 3 3 1 -194.25
0 4 3 3 4 2 -192.15
0 4 4 1 1 1 -148.05
0 4 4 1 2 1 -150.15
0 4 4 1 3 1 -148.05
0 4 4 1 4 2 -145.95
0 4 4 3 1 1 -148.05
0 4 4 3 2 1 -150.15
0 4 4 3 3 1 -148.05
0 4 4 3 4 2 -145.95
0 4 13 1 1 1 -148.05
0 4 13 1 2 1 -150.15
0 4 13 1 3 1 -148.05
0 4 13 1 4 2 -145.95
0 4 13 3 1 1 -148.05
0 4 13 3 2 1 -150.15
0 4 13 3 3 1 -148.05
0 4 13 3 4 2 -145.95
0 4 5 1 1 1 -202.65
0 4 5 1 2 1 -204.75
0 4 5 1 3 1 -202.65
0 4 5 1 4 2 -200.55
0 4 5 3 1 1 -194.25
0 4 5 3 2 1 -196.35
0 4 5 3 3 1 -194.25
0 4 5 3 4 2 -192.15
0 4 6 1 1 1 -194.25
0 4 6 1 2 1 -196.35
0 4 6 1 3 1 -194.25
0 4 6 1 4 2 -192.15
0 4 6 3 1 1 -202.65
0 4 6 3 2 1 -204.75
0 4 6 3 3 1 -202.65
0 4 6 3 4 2 -200.55
0 4 7 1 1 1 -194.25
0 4 7 1 2 1 -196.35
0 4 7 1 3 1 -194.25
0 4 7 1 4 2 -192.15
0 4 7 3 1 1 -202.65
0 4 7 3 2 1 -204.75
0 4 7 3 3 1 -202.65
0 4 7 3 4 2 -200.55
0 4 8 1 1 1 -194.25
0 4 8 1 2 1 -196.35
0 4 8 1 3 1 -194.25
0 4 8 1 4 2 -192.15
0 4 8 3 1 1 -185.85
0 4 8 3 2 1 -187.95
0 4 8 3 3 1 -185.85
0 4 8 3 4 2 -183.75
0 4 9 1 1 1 -97.65
0 4 9 1 2 1 -99.75
0 4 9 1 3 1 -97.65
0 4 9 1 4 2 -95.55
0 4 9 3 1 1 -97.65
0 4 9 3 2 1 -99.75
0 4 9 3 3 1 -97.65
0 4 9 3 4 2 -95.55
0 4 10 1 1 1 -124.95
0 4 10 1 2 1 -127.05
0 4 10 1 3 1 -124.95
0 4 10 1 4 2 -122.85
0 4 10 3 1 1 -120.75
0 4 10 3 2 1 -122.85
0 4 10 3 3 1 -120.75
0 4 10 3 4 2 -118.65
0 4 14 1 1 1 -120.75
0 4 14 1 2 1 -122.85
0 4 14 1 3 1 -120.75
0 4 14 1 4 2 -118.65
0 4 14 3 1 1 -124.95
0 4 14 3 2 1 -127.05
0 4 14 3 3 1 -124.95
0 4 14 3 4 2 -122.85
0 4 11 1 1 1 -97.65
0 4 11 1 2 1 -99.75
0 4 11 1 3 1 -97.65
0 4 11 1 4 2 -95.55
0 4 11 3 1 1 -97.65
0 4 11 3 2 1 -99.75
0 4 11 3 3 1 -97.65
0 4 11 3 4 2 -95.55
0 4 12 1 1 1 -185.85
0 4 12 1 2 1 -187.95
0 4 12 1 3 1 -185.85
0 4 12 1 4 2 -183.75
0 4 12 3 1 1 -194.25
0 4 12 3 2 1 -196.35
0 4 12 3 3 1 -194.25
0 4 12 3 4 2 -192.15
1 1 1 1 1 1 -99.2
1 1 1 1 2 1 -101.3
1 1 1 1 3 1 -99.2
1 1 1 1 4 2 -97.1
1 1 1 3 1 1 -101.3
1 1 1 3 2 1 -103.4
1 1 1 3 3 1 -101.3
1 1 1 3 4 2 -99.2
1 1 2 1 1 1 -99.2
1 1 2 1 2 1 -101.3
1 1 2 1 3 1 -99.2
1 1 2 1 4 2 -97.1
1 1 2 3 1 1 -101.3
1 1 2 3 2 1 -103.4
1 1 2 3 3 1 -101.3
1 1 2 3 4 2 -99.2
1 1 3 1 1 1 -99.2
1 1 3 1 2 1 -101.3
1 1 3 1 3 1 -99.2
1 1 3 1 4 2 -97.1
1 1 3 3 1 1 -101.3
1 1 3 3 2 1 -103.4
1 1 3 3 3 1 -101.3
1 1 3 3 4 2 -99.2
1 1 4 1 1 1 -99.2
1 1 4 1 2 1 -101.3
1 1 4 1 3 1 -99.2
1 1 4 1 4 2 -97.1
1 1 4 3 1 1 -101.3
1 1 4 3 2 1 -103.4
1 1 4 3 3 1 -101.3
1 1 4 3 4 2 -99.2
1 1 5 1 1 1 -99.2
1 1 5 1 2 1 -101.3
1 1 5 1 3 1 -99.2
1 1 5 1 4 2 -97.1
1 1 5 3 1 1 -101.3
1 1 5 3 2 1 -103.4
1 1 5 3 3 1 -101.3
1 1 5 3 4 2 -99.2
1 1 6 1 1 1 -99.2
1 1 6 1 2 1 -101.3
1 1 6 1 3 1 -99.2
1 1 6 1 4 2 -97.1
1 1 6 3 1 1 -101.3
1 1 6 3 2 1 -103.4
1 1 6 3 3 1 -101.3
1 1 6 3 4 2 -99.2
1 1 7 1 1 1 -99.2
1 1 7 1 2 1 -101.3
1 1 7 1 3 1 -99.2
1 1 7 1 4 2 -97.1
1 1 7 3 1 1 -101.3
1 1 7 3 2 1 -103.4
1 1 7 3 3 1 -101.3
1 1 7 3 4 2 -99.2
1 1 8 1 1 1 -99.2
1 1 8 1 2 1 -101.3
1 1 8 1 3 1 -99.2
1 1 8 1 4 2 -97.1
1 1 8 3 1 1 -101.3
1 1 8 3 2 1 -103.4
1 1 8 3 3 1 -101.3
1 1 8 3 4 2 -99.2
1 1 9 1 1 1 -99.2
1 1 9 1 2 1 -101.3
1 1 9 1 3 1 -99.2
1 1 9 1 4 2 -97.1
1 1 9 3 1 1 -101.3
1 1 9 3 2 1 -103.4
1 1 9 3 3 1 -101.3
1 1 9 3 4 2 -99.2
1 1 10 1 1 1 -99.2
1 1 10 1 2 1 -101.3
1 1 10 1 3 1 -99.2
1 1 10 1 4 2 -97.1
1 1 10 3 1 1 -101.3
1 1 10 3 2 1 -103.4
1 1 10 3 3 1 -101.3
1 1 10 3 4 2 -99.2
1 1 11 1 1 1 -99.2
1 1 11 1 2 1 -101.3
1 1 11 1 3 1 -99.2
1 1 11 1 4 2 -97.1
1 1 11 3 1 1 -101.3
1 1 11 3 2 1 -103.4
1 1 11 3 3 1 -101.3
1 1 11 3 4 2 -99.2
1 1 12 1 1 1 -99.2
1 1 12 1 2 1 -101.3
1 1 12 1 3 1 -99.2
1 1 12 1 4 2 -97.1
1 1 12 3 1 1 -101.3
1 1 12 3 2 1 -103.4
1 1 12 3 3 1 -101.3
1 1 12 3 4 2 -99.2
1 2 1 1 1 1 -126.25
1 2 1 1 2 1 -128.35
1 2 1 1 3 1 -126.25
1 2 1 1 4 2 -124.15
1 2 1 3 1 1 -122.05
1 2 1 3 2 1 -124.15
1 2 1 3 3 1 -122.05
1 2 1 3 4 2 -119.95
1 2 2 1 1 1 -126.25
1 2 2 1 2 1 -128.35
1 2 2 1 3 1 -126.25
1 2 2 1 4 2 -124.15
1 2 2 3 1 1 -122.05
1 2 2 3 2 1 -124.15
1 2 2 3 3 1 -122.05
1 2 2 3 4 2 -119.95
1 2 3 1 1 1 -126.25
1 2 3 1 2 1 -128.35
1 2 3 1 3 1 -126.25
1 2 3 1 4 2 -124.15
1 2 3 3 1 1 -122.05
1 2 3 3 2 1 -124.15
1 2 3 3 3 1 -122.05
1 2 3 3 4 2 -119.95
1 2 4 1 1 1 -126.25
1 2 4 1 2 1 -128.35
1 2 4 1 3 1 -126.25
1 2 4 1 4 2 -124.15
1 2 4 3 1 1 -122.05
1 2 4 3 2 1 -124.15
1 2 4 3 3 1 -122.05
1 2 4 3 4 2 -119.95
1 2 5 1 1 1 -126.25
1 2 5 1 2 1 -128.35
1 2 5 1 3 1 -126.25
1 2 5 1 4 2 -124.15
1 2 5 3 1 1 -122.05
1 2 5 3 2 1 -124.15
1 2 5 3 3 1 -122.05
1 2 5 3 4 2 -119.95
1 2 6 1 1 1 -126.25
1 2 6 1 2 1 -128.35
1 2 6 1 3 1 -126.25
1 2 6 1 4 2 -124.15
1 2 6 3 1 1 -122.05
1 2 6 3 2 1 -124.15
1 2 6 3 3 1 -122.05
1 2 6 3 4 2 -119.95
1 2 7 1 1 1 -126.25
1 2 7 1 2 1 -128.35
1 2 7 1 3 1 -126.25
1 2 7 1 4 2 -124.15
1 2 7 3 1 1 -122.05
1 2 7 3 2 1 -124.15
1 2 7 3 3 1 -122.05
1 2 7 3 4 2 -119.95
1 2 8 1 1 1 -126.25
1 2 8 1 2 1 -128.35
1 2 8 1 3 1 -126.25
1 2 8 1 4 2 -124.15
1 2 8 3 1 1 -122.05
1 2 8 3 2 1 -124.15
1 2 8 3 3 1 -122.05
1 2 8 3 4 2 -119.95
1 2 9 1 1 1 -126.25
1 2 9 1 2 1 -128.35
1 2 9 1 3 1 -126.25
1 2 9 1 4 2 -124.15
1 2 9 3 1 1 -122.05
1 2 9 3 2 1 -124.15
1 2 9 3 3 1 -122.05
1 2 9 3 4 2 -119.95
1 2 10 1 1 1 -126.25
1 2 10 1 2 1 -128.35
1 2 10 1 3 1 -126.25
1 2 10 1 4 2 -124.15
1 2 10 3 1 1 -122.05
1 2 10 3 2 1 -124.15
1 2 10 3 3 1 -122.05
1 2 10 3 4 2 -119.95
1 2 11 1 1 1 -126.25
1 2 11 1 2 1 -128.35
1 2 11 1 3 1 -126.25
1 2 11 1 4 2 -124.15
1 2 11 3 1 1 -122.05
1 2 11 3 2 1 -124.15
1 2 11 3 3 1 -122.05
1 2 11 3 4 2 -119.95
1 2 12 1 1 1 -126.25
1 2 12 1 2 1 -128.35
1 2 12 1 3 1 -126.25
1 2 12 1 4 2 -124.15
1 2 12 3 1 1 -122.05
1 2 12 3 2 1 -124.15
1 2 12 3 3 1 -122.05
1 2 12 3 4 2 -119.95
1 3 1 1 1 1 -146.55
1 3 1 1 2 1 -148.65
1 3 1 1 3 1 -146.55
1 3 1 1 4 2 -144.45
1 3 1 3 1 1 -146.55
1 3 1 3 2 1 -148.65
1 3 1 3 3 1 -146.55
1 3 1 3 4 2 -144.45
1 3 2 1 1 1 -146.55
1 3 2 1 2 1 -148.65
1 3 2 1 3 1 -146.55
1 3 2 1 4 2 -144.45
1 3 2 3 1 1 -146.55
1 3 2 3 2 1 -148.65
1 3 2 3 3 1 -146.55
1 3 2 3 4 2 -144.45
1 3 3 1 1 1 -146.55
1 3 3 1 2 1 -148.65
1 3 3 1 3 1 -146.55
1 3 3 1 4 2 -144.45
1 3 3 3 1 1 -146.55
1 3 3 3 2 1 -148.65
1 3 3 3 3 1 -146.55
1 3 3 3 4 2 -144.45
1 3 4 1 1 1 -146.55
1 3 4 1 2 1 -148.65
1 3 4 1 3 1 -146.55
1 3 4 1 4 2 -144.45
1 3 4 3 1 1 -146.55
1 3 4 3 2 1 -148.65
1 3 4 3 3 1 -146.55
1 3 4 3 4 2 -144.45
1 3 5 1 1 1 -146.55
1 3 5 1 2 1 -148.65
1 3 5 1 3 1 -146.55
1 3 5 1 4 2 -144.45
1 3 5 3 1 1 -146.55
1 3 5 3 2 1 -148.65
1 3 5 3 3 1 -146.55
1 3 5 3 4 2 -144.45
1 3 6 1 1 1 -146.55
1 3 6 1 2 1 -148.65
1 3 6 1 3 1 -146.55
1 3 6 1 4 2 -144.45
1 3 6 3 1 1 -146.55
1 3 6 3 2 1 -148.65
1 3 6 3 3 1 -146.55
1 3 6 3 4 2 -144.45
1 3 7 1 1 1 -146.55
1 3 7 1 2 1 -148.65
1 3 7 1 3 1 -146.55
1 3 7 1 4 2 -144.45
1 3 7 3 1 1 -146.55
1 3 7 3 2 1 -148.65
1 3 7 3 3 1 -146.55
1 3 7 3 4 2 -144.45
1 3 8 1 1 1 -146.55
1 3 8 1 2 1 -148.65
1 3 8 1 3 1 -146.55
1 3 8 1 4 2 -144.45
1 3 8 3 1 1 -146.55
1 3 8 3 2 1 -148.65
1 3 8 3 3 1 -146.55
1 3 8 3 4 2 -144.45
1 3 9 1 1 1 -146.55
1 3 9 1 2 1 -148.65
1 3 9 1 3 1 -146.55
1 3 9 1 4 2 -144.45
1 3 9 3 1 1 -146.55
1 3 9 3 2 1 -148.65
1 3 9 3 3 1 -146.55
1 3 9 3 4 2 -144.45
1 3 10 1 1 1 -146.55
1 3 10 1 2 1 -148.65
1 3 10 1 3 1 -146.55
1 3 10 1 4 2 -144.45
1 3 10 3 1 1 -146.55
1 3 10 3 2 1 -148.65
1 3 10 3 3 1 -146.55
1 3 10 3 4 2 -144.45
1 3 11 1 1 1 -146.55
1 3 11 1 2 1 -148.65
1 3 11 1 3 1 -146.55
1 3 11 1 4 2 -144.45
1 3 11 3 1 1 -146.55
1 3 11 3 2 1 -148.65
1 3 11 3 3 1 -146.55
1 3 11 3 4 2 -144.45
1 3 12 1 1 1 -146.55
1 3 12 1 2 1 -148.65
1 3 12 1 3 1 -146.55
1 3 12 1 4 2 -144.45
1 3 12 3 1 1 -146.55
1 3 12 3 2 1 -148.65
1 3 12 3 3 1 -146.55
1 3 12 3 4 2 -144.45
1 4 1 1 1 1 -202.65
1 4 1 1 2 1 -204.75
1 4 1 1 3 1 -202.65
1 4 1 1 4 2 -200.55
1 4 1 3 1 1 -194.25
1 4 1 3 2 1 -196.35
1 4 1 3 3 1 -194.25
1 4 1 3 4 2 -192.15
1 4 2 1 1 1 -202.65
1 4 2 1 2 1 -204.75
1 4 2 1 3 1 -202.65
1 4 2 1 4 2 -200.55
1 4 2 3 1 1 -194.25
1 4 2 3 2 1 -196.35
1 4 2 3 3 1 -194.25
1 4 2 3 4 2 -192.15
1 4 3 1 1 1 -202.65
1 4 3 1 2 1 -204.75
1 4 3 1 3 1 -202.65
1 4 3 1 4 2 -200.55
1 4 3 3 1 1 -194.25
1 4 3 3 2 1 -196.35
1 4 3 3 3 1 -194.25
1 4 3 3 4 2 -192.15
1 4 4 1 1 1 -148.05
1 4 4 1 2 1 -150.15
1 4 4 1 3 1 -148.05
1 4 4 1 4 2 -145.95
1 4 4 3 1 1 -148.05
1 4 4 3 2 1 -150.15
1 4 4 3 3 1 -148.05
1 4 4 3 4 2 -145.95
1 4 13 1 1 1 -148.05
1 4 13 1 2 1 -150.15
1 4 13 1 3 1 -148.05
1 4 13 1 4 2 -145.95
1 4 13 3 1 1 -148.05
1 4 13 3 2 1 -150.15
1 4 13 3 3 1 -148.05
1 4 13 3 4 2 -145.95
1 4 5 1 1 1 -194.25
1 4 5 1 2 1 -196.35
1 4 5 1 3 1 -194.25
1 4 5 1 4 2 -192.15
1 4 5 3 1 1 -202.65
1 4 5 3 2 1 -204.75
1 4 5 3 3 1 -202.65
1 4 5 3 4 2 -200.55
1 4 6 1 1 1 -194.25
1 4 6 1 2 1 -196.35
1 4 6 1 3 1 -194.25
1 4 6 1 4 2 -192.15
1 4 6 3 1 1 -202.65
1 4 6 3 2 1 -204.75
1 4 6 3 3 1 -202.65
1 4 6 3 4 2 -200.55
1 4 7 1 1 1 -194.25
1 4 7 1 2 1 -196.35
1 4 7 1 3 1 -194.25
1 4 7 1 4 2 -192.15
1 4 7 3 1 1 -202.65
1 4 7 3 2 1 -204.75
1 4 7 3 3 1 -202.65
1 4 7 3 4 2 -200.55
1 4 8 1 1 1 -185.85
1 4 8 1 2 1 -187.95
1 4 8 1 3 1 -185.85
1 4 8 1 4 2 -183.75
1 4 8 3 1 1 -194.25
1 4 8 3 2 1 -196.35
1 4 8 3 3 1 -194.25
1 4 8 3 4 2 -192.15
1 4 9 1 1 1 -97.65
1 4 9 1 2 1 -99.75
1 4 9 1 3 1 -97.65
1 4 9 1 4 2 -95.55
1 4 9 3 1 1 -97.65
1 4 9 3 2 1 -99.75
1 4 9 3 3 1 -97.65
1 4 9 3 4 2 -95.55
1 4 10 1 1 1 -124.95
1 4 10 1 2 1 -127.05
1 4 10 1 3 1 -124.95
1 4 10 1 4 2 -122.85
1 4 10 3 1 1 -120.75
1 4 10 3 2 1 -122.85
1 4 10 3 3 1 -120.75
1 4 10 3 4 2 -118.65
1 4 14 1 1 1 -120.75
1 4 14 1 2 1 -122.85
1 4 14 1 3 1 -120.75
1 4 14 1 4 2 -118.65
1 4 14 3 1 1 -124.95
1 4 14 3 2 1 -127.05
1 4 14 3 3 1 -124.95
1 4 14 3 4 2 -122.85
1 4 11 1 1 1 -97.65
1 4 11 1 2 1 -99.75
1 4 11 1 3 1 -97.65
1 4 11 1 4 2 -95.55
1 4 11 3 1 1 -97.65
1 4 11 3 2 1 -99.75
1 4 11 3 3 1 -97.65
1 4 11 3 4 2 -95.55
1 4 12 1 1 1 -194.25
1 4 12 1 2 1 -196.35
1 4 12 1 3 1 -194.25
1 4 12 1 4 2 -192.15
1 4 12 3 1 1 -185.85
1 4 12 3 2 1 -187.95
1 4 12 3 3 1 -185.85
1 4 12 3 4 2 -183.75
2 1 1 1 1 1 -99.2
2 1 1 1 2 1 -101.3
2 1 1 1 3 1 -99.2
2 1 1 1 4 2 -97.1
2 1 1 3 1 1 -101.3
2 1 1 3 2 1 -103.4
2 1 1 3 3 1 -101.3
2 1 1 3 4 2 -99.2
2 1 2 1 1 1 -99.2
2 1 2 1 2 1 -101.3
2 1 2 1 3 1 -99.2
2 1 2 1 4 2 -97.1
2 1 2 3 1 1 -101.3
2 1 2 3 2 1 -103.4
2 1 2 3 3 1 -101.3
2 1 2 3 4 2 -99.2
2 1 3 1 1 1 -99.2
2 1 3 1 2 1 -101.3
2 1 3 1 3 1 -99.2
2 1 3 1 4 2 -97.1
2 1 3 3 1 1 -101.3
2 1 3 3 2 1 -103.4
2 1 3 3 3 1 -101.3
2 1 3 3 4 2 -99.2
2 1 4 1 1 1 -99.2
2 1 4 1 2 1 -101.3
2 1 4 1 3 1 -99.2
2 1 4 1 4 2 -97.1
2 1 4 3 1 1 -101.3
2 1 4 3 2 1 -103.4
2 1 4 3 3 1 -101.3
2 1 4 3 4 2 -99.2
2 1 5 1 1 1 -99.2
2 1 5 1 2 1 -101.3
2 1 5 1 3 1 -99.2
2 1 5 1 4 2 -97.1
2 1 5 3 1 1 -101.3
2 1 5 3 2 1 -103.4
2 1 5 3 3 1 -101.3
2 1 5 3 4 2 -99.2
2 1 6 1 1 1 -99.2
2 1 6 1 2 1 -101.3
2 1 6 1 3 1 -99.2
2 1 6 1 4 2 -97.1
2 1 6 3 1 1 -101.3
2 1 6 3 2 1 -103.4
2 1 6 3 3 1 -101.3
2 1 6 3 4 2 -99.2
2 1 7 1 1 1 -99.2
2 1 7 1 2 1 -101.3
2 1 7 1 3 1 -99.2
2 1 7 1 4 2 -97.1
2 1 7 3 1 1 -101.3
2 1 7 3 2 1 -103.4
2 1 7 3 3 1 -101.3
2 1 7 3 4 2 -99.2
2 1 8 1 1 1 -99.2
2 1 8 1 2 1 -101.3
2 1 8 1 3 1 -99.2
2 1 8 1 4 2 -97.1
2 1 8 3 1 1 -101.3
2 1 8 3 2 1 -103.4
2 1 8 3 3 1 -101.3
2 1 8 3 4 2 -99.2
2 1 9 1 1 1 -99.2
2 1 9 1 2 1 -101.3
2 1 9 1 3 1 -99.2
2 1 9 1 4 2 -97.1
2 1 9 3 1 1 -101.3
2 1 9 3 2 1 -103.4
2 1 9 3 3 1 -101.3
2 1 9 3 4 2 -99.2
2 1 10 1 1 1 -99.2
2 1 10 1 2 1 -101.3
2 1 10 1 3 1 -99.2
2 1 10 1 4 2 -97.1
2 1 10 3 1 1 -101.3
2 1 10 3 2 1 -103.4
2 1 10 3 3 1 -101.3
2 1 10 3 4 2 -99.2
2 1 11 1 1 1 -99.2
2 1 11 1 2 1 -101.3
2 1 11 1 3 1 -99.2
2 1 11 1 4 2 -97.1
2 1 11 3 1 1 -101.3
2 1 11 3 2 1 -103.4
2 1 11 3 3 1 -101.3
2 1 11 3 4 2 -99.2
2 1 12 1 1 1 -99.2
2 1 12 1 2 1 -101.3
2 1 12 1 3 1 -99.2
2 1 12 1 4 2 -97.1
2 1 12 3 1 1 -101.3
2 1 12 3 2 1 -103.4
2 1 12 3 3 1 -101.3
2 1 12 3 4 2 -99.2
2 2 1 1 1 1 -126.25
2 2 1 1 2 1 -128.35
2 2 1 1 3 1 -126.25
2 2 1 1 4 2 -124.15
2 2 1 3 1 1 -122.05
2 2 1 3 2 1 -124.15
2 2 1 3 3 1 -122.05
2 2 1 3 4 2 -119.95
2 2 2 1 1 1 -126.25
2 2 2 1 2 1 -128.35
2 2 2 1 3 1 -126.25
2 2 2 1 4 2 -124.15
2 2 2 3 1 1 -122.05
2 2 2 3 2 1 -124.15
2 2 2 3 3 1 -122.05
2 2 2 3 4 2 -119.95
2 2 3 1 1 1 -126.25
2 2 3 1 2 1 -128.35
2 2 3 1 3 1 -126.25
2 2 3 1 4 2 -124.15
2 2 3 3 1 1 -122.05
2 2 3 3 2 1 -124.15
2 2 3 3 3 1 -122.05
2 2 3 3 4 2 -119.95
2 2 4 1 1 1 -126.25
2 2 4 1 2 1 -128.35
2 2 4 1 3 1 -126.25
2 2 4 1 4 2 -124.15
2 2 4 3 1 1 -122.05
2 2 4 3 2 1 -124.15
2 2 4 3 3 1 -122.05
2 2 4 3 4 2 -119.95
2 2 5 1 1 1 -126.25
2 2 5 1 2 1 -128.35
2 2 5 1 3 1 -126.25
2 2 5 1 4 2 -124.15
2 2 5 3 1 1 -122.05
2 2 5 3 2 1 -124.15
2 2 5 3 3 1 -122.05
2 2 5 3 4 2 -119.95
2 2 6 1 1 1 -126.25
2 2 6 1 2 1 -128.35
2 2 6 1 3 1 -126.25
2 2 6 1 4 2 -124.15
2 2 6 3 1 1 -122.05
2 2 6 3 2 1 -124.15
2 2 6 3 3 1 -122.05
2 2 6 3 4 2 -119.95
2 2 7 1 1 1 -126.25
2 2 7 1 2 1 -128.35
2 2 7 1 3 1 -126.25
2 2 7 1 4 2 -124.15
2 2 7 3 1 1 -122.05
2 2 7 3 2 1 -124.15
2 2 7 3 3 1 -122.05
2 2 7 3 4 2 -119.95
2 2 8 1 1 1 -126.25
2 2 8 1 2 1 -128.35
2 2 8 1 3 1 -126.25
2 2 8 1 4 2 -124.15
2 2 8 3 1 1 -122.05
2 2 8 3 2 1 -124.15
2 2 8 3 3 1 -122.05
2 2 8 3 4 2 -119.95
2 2 9 1 1 1 -126.25
2 2 9 1 2 1 -128.35
2 2 9 1 3 1 -126.25
2 2 9 1 4 2 -124.15
2 2 9 3 1 1 -122.05
2 2 9 3 2 1 -124.15
2 2 9 3 3 1 -122.05
2 2 9 3 4 2 -119.95
2 2 10 1 1 1 -126.25
2 2 10 1 2 1 -128.35
2 2 10 1 3 1 -126.25
2 2 10 1 4 2 -124.15
2 2 10 3 1 1 -122.05
2 2 10 3 2 1 -124.15
2 2 10 3 3 1 -122.05
2 2 10 3 4 2 -119.95
2 2 11 1 1 1 -126.25
2 2 11 1 2 1 -128.35
2 2 11 1 3 1 -126.25
2 2 11 1 4 2 -124.15
2 2 11 3 1 1 -122.05
2 2 11 3 2 1 -124.15
2 2 11 3 3 1 -122.05
2 2 11 3 4 2 -119.95
2 2 12 1 1 1 -126.25
2 2 12 1 2 1 -128.35
2 2 12 1 3 1 -126.25
2 2 12 1 4 2 -124.15
2 2 12 3 1 1 -122.05
2 2 12 3 2 1 -124.15
2 2 12 3 3 1 -122.05
2 2 12 3 4 2 -119.95
2 3 1 1 1 1 -146.55
2 3 1 1 2 1 -148.65
2 3 1 1 3 1 -146.55
2 3 1 1 4 2 -144.45
2 3 1 3 1 1 -146.55
2 3 1 3 2 1 -148.65
2 3 1 3 3 1 -146.55
2 3 1 3 4 2 -144.45
2 3 2 1 1 1 -146.55
2 3 2 1 2 1 -148.65
2 3 2 1 3 1 -146.55
2 3 2 1 4 2 -144.45
2 3 2 3 1 1 -146.55
2 3 2 3 2 1 -148.65
2 3 2 3 3 1 -146.55
2 3 2 3 4 2 -144.45
2 3 3 1 1 1 -146.55
2 3 3 1 2 1 -148.65
2 3 3 1 3 1 -146.55
2 3 3 1 4 2 -144.45
2 3 3 3 1 1 -146.55
2 3 3 3 2 1 -148.65
2 3 3 3 3 1 -146.55
2 3 3 3 4 2 -144.45
2 3 4 1 1 1 -146.55
2 3 4 1 2 1 -148.65
2 3 4 1 3 1 -146.55
2 3 4 1 4 2 -144.45
2 3 4 3 1 1 -146.55
2 3 4 3 2 1 -148.65
2 3 4 3 3 1 -146.55
2 3 4 3 4 2 -144.45
2 3 5 1 1 1 -146.55
2 3 5 1 2 1 -148.65
2 3 5 1 3 1 -146.55
2 3 5 1 4 2 -144.45
2 3 5 3 1 1 -146.55
2 3 5 3 2 1 -148.65
2 3 5 3 3 1 -146.55
2 3 5 3 4 2 -144.45
2 3 6 1 1 1 -146.55
2 3 6 1 2 1 -148.65
2 3 6 1 3 1 -146.55
2 3 6 1 4 2 -144.45
2 3 6 3 1 1 -146.55
2 3 6 3 2 1 -148.65
2 3 6 3 3 1 -146.55
2 3 6 3 4 2 -144.45
2 3 7 1 1 1 -146.55
2 3 7 1 2 1 -148.65
2 3 7 1 3 1 -146.55
2 3 7 1 4 2 -144.45
2 3 7 3 1 1 -146.55
2 3 7 3 2 1 -148.65
2 3 7 3 3 1 -146.55
2 3 7 3 4 2 -144.45
2 3 8 1 1 1 -146.55
2 3 8 1 2 1 -148.65
2 3 8 1 3 1 -146.55
2 3 8 1 4 2 -144.45
2 3 8 3 1 1 -146.55
2 3 8 3 2 1 -148.65
2 3 8 3 3 1 -146.55
2 3 8 3 4 2 -144.45
2 3 9 1 1 1 -146.55
2 3 9 1 2 1 -148.65
2 3 9 1 3 1 -146.55
2 3 9 1 4 2 -144.45
2 3 9 3 1 1 -146.55
2 3 9 3 2 1 -148.65
2 3 9 3 3 1 -146.55
2 3 9 3 4 2 -144.45
2 3 10 1 1 1 -146.55
2 3 10 1 2 1 -148.65
2 3 10 1 3 1 -146.55
2 3 10 1 4 2 -144.45
2 3 10 3 1 1 -146.55
2 3 10 3 2 1 -148.65
2 3 10 3 3 1 -146.55
2 3 10 3 4 2 -144.45
2 3 11 1 1 1 -146.55
2 3 11 1 2 1 -148.65
2 3 11 1 3 1 -146.55
2 3 11 1 4 2 -144.45
2 3 11 3 1 1 -146.55
2 3 11 3 2 1 -148.65
2 3 11 3 3 1 -146.55
2 3 11 3 4 2 -144.45
2 3 12 1 1 1 -146.55
2 3 12 1 2 1 -148.65
2 3 12 1 3 1 -146.55
2 3 12 1 4 2 -144.45
2 3 12 3 1 1 -146.55
2 3 12 3 2 1 -148.65
2 3 12 3 3 1 -146.55
2 3 12 3 4 2 -144.45
2 4 1 1 1 1 -202.65
2 4 1 1 2 1 -204.75
2 4 1 1 3 1 -202.65
2 4 1 1 4 2 -200.55
2 4 1 3 1 1 -194.25
2 4 1 3 2 1 -196.35
2 4 1 3 3 1 -194.25
2 4 1 3 4 2 -192.15
2 4 2 1 1 1 -202.65
2 4 2 1 2 1 -204.75
2 4 2 1 3 1 -202.65
2 4 2 1 4 2 -200.55
2 4 2 3 1 1 -194.25
2 4 2 3 2 1 -196.35
2 4 2 3 3 1 -194.25
2 4 2 3 4 2 -192.15
2 4 3 1 1 1 -202.65
2 4 3 1 2 1 -204.75
2 4 3 1 3 1 -202.65
2 4 3 1 4 2 -200.55
2 4 3 3 1 1 -194.25
2 4 3 3 2 1 -196.35
2 4 3 3 3 1 -194.25
2 4 3 3 4 2 -192.15
2 4 4 1 1 1 -148.05
2 4 4 1 2 1 -150.15
2 4 4 1 3 1 -148.05
2 4 4 1 4 2 -145.95
2 4 4 3 1 1 -148.05
2 4 4 3 2 1 -150.15
2 4 4 3 3 1 -148.05
2 4 4 3 4 2 -145.95
2 4 13 1 1 1 -148.05
2 4 13 1 2 1 -150.15
2 4 13 1 3 1 -148.05
2 4 13 1 4 2 -145.95
2 4 13 3 1 1 -148.05
2 4 13 3 2 1 -150.15
2 4 13 3 3 1 -148.05
2 4 13 3 4 2 -145.95
2 4 5 1 1 1 -194.25
2 4 5 1 2 1 -196.35
2 4 5 1 3 1 -194.25
2 4 5 1 4 2 -192.15
2 4 5 3 1 1 -202.65
2 4 5 3 2 1 -204.75
2 4 5 3 3 1 -202.65
2 4 5 3 4 2 -200.55
2 4 6 1 1 1 -194.25
2 4 6 1 2 1 -196.35
2 4 6 1 3 1 -194.25
2 4 6 1 4 2 -192.15
2 4 6 3 1 1 -202.65
2 4 6 3 2 1 -204.75
2 4 6 3 3 1 -202.65
2 4 6 3 4 2 -200.55
2 4 7 1 1 1 -194.25
2 4 7 1 2 1 -196.35
2 4 7 1 3 1 -194.25
2 4 7 1 4 2 -192.15
2 4 7 3 1 1 -202.65
2 4 7 3 2 1 -204.75
2 4 7 3 3 1 -202.65
2 4 7 3 4 2 -200.55
2 4 8 1 1 1 -185.85
2 4 8 1 2 1 -187.95
2 4 8 1 3 1 -185.85
2 4 8 1 4 2 -183.75
2 4 8 3 1 1 -194.25
2 4 8 3 2 1 -196.35
2 4 8 3 3 1 -194.25
2 4 8 3 4 2 -192.15
2 4 9 1 1 1 -97.65
2 4 9 1 2 1 -99.75
2 4 9 1 3 1 -97.65
2 4 9 1 4 2 -95.55
2 4 9 3 1 1 -97.65
2 4 9 3 2 1 -99.75
2 4 9 3 3 1 -97.65
2 4 9 3 4 2 -95.55
2 4 10 1 1 1 -124.95
2 4 10 1 2 1 -127.05
2 4 10 1 3 1 -124.95
2 4 10 1 4 2 -122.85
2 4 10 3 1 1 -120.75
2 4 10 3 2 1 -122.85
2 4 10 3 3 1 -120.75
2 4 10 3 4 2 -118.65
2 4 14 1 1 1 -120.75
2 4 14 1 2 1 -122.85
2 4 14 1 3 1 -120.75
2 4 14 1 4 2 -118.65
2 4 14 3 1 1 -124.95
2 4 14 3 2 1 -127.05
2 4 14 3 3 1 -124.95
2 4 14 3 4 2 -122.85
2 4 11 1 1 1 -97.65
2 4 11 1 2 1 -99.75
2 4 11 1 3 1 -97.65
2 4 11 1 4 2 -95.55
2 4 11 3 1 1 -97.65
2 4 11 3 2 1 -99.75
2 4 11 3 3 1 -97.65
2 4 11 3 4 2 -95.55
2 4 12 1 1 1 -194.25
2 4 12 1 2 1 -196.35
2 4 12 1 3 1 -194.25
2 4 12 1 4 2 -192.15
2 4 12 3 1 1 -185.85
2 4 12 3 2 1 -187.95
2 4 12 3 3 1 -185.85
2 4 12 3 4 2 -183.75
